batch_size:128
acc_result:0.984000
loss: 1.754847
NNet:3 x 25
非特异人 moredata